SVM: 0.614 0.594 0.07
LR: 0.538 0.538 0.026
Boost: 0.75 0.571 0.04
Ada: 0.66 0.604 0.044
RF: 1.0 0.517 0.071
LDA: 0.54 0.539 0.032
SVM: 0.719 0.703 0.041
LR: 0.582 0.572 0.045
Boost: 0.861 0.656 0.065
Ada: 0.721 0.633 0.029
RF: 1.0 0.636 0.054
LDA: 0.579 0.569 0.031
SVM: 0.758 0.742 0.042
LR: 0.597 0.604 0.035
Boost: 0.882 0.731 0.032
Ada: 0.753 0.682 0.052
RF: 1.0 0.75 0.046
LDA: 0.601 0.599 0.052
SVM: 0.858 0.835 0.026
LR: 0.611 0.61 0.051
Boost: 0.974 0.879 0.028
Ada: 0.843 0.774 0.054
RF: 1.0 0.893 0.027
LDA: 0.612 0.612 0.047
SVM: 0.883 0.853 0.026
LR: 0.632 0.633 0.055
Boost: 0.981 0.899 0.038
Ada: 0.871 0.794 0.037
RF: 1.0 0.915 0.038
LDA: 0.639 0.621 0.041
SVM: 0.914 0.893 0.03
LR: 0.686 0.678 0.05
Boost: 0.988 0.924 0.033
Ada: 0.91 0.846 0.055
RF: 1.0 0.94 0.029
LDA: 0.682 0.676 0.048
SVM: 0.943 0.921 0.033
LR: 0.743 0.733 0.044
Boost: 0.997 0.942 0.04
Ada: 0.964 0.906 0.029
RF: 1.0 0.958 0.024
LDA: 0.743 0.739 0.054
SVM: 0.946 0.932 0.037
LR: 0.767 0.756 0.035
Boost: 0.997 0.947 0.019
Ada: 0.962 0.901 0.027
RF: 1.0 0.961 0.014
LDA: 0.781 0.769 0.052
SVM: 0.969 0.949 0.028
LR: 0.815 0.8 0.049
Boost: 1.0 0.942 0.038
Ada: 0.971 0.917 0.024
RF: 1.0 0.964 0.021
LDA: 0.818 0.804 0.054
SVM: 0.972 0.954 0.021
LR: 0.808 0.807 0.048
Boost: 1.0 0.95 0.025
Ada: 0.983 0.932 0.023
RF: 1.0 0.964 0.028
LDA: 0.81 0.803 0.054
SVM: 0.976 0.958 0.022
LR: 0.821 0.811 0.038
Boost: 0.999 0.962 0.022
Ada: 0.994 0.921 0.028
RF: 1.0 0.968 0.016
LDA: 0.811 0.806 0.039
SVM: 0.978 0.964 0.023
LR: 0.832 0.828 0.049
Boost: 0.997 0.965 0.025
Ada: 0.981 0.928 0.03
RF: 1.0 0.975 0.017
LDA: 0.821 0.81 0.038
SVM: 0.985 0.976 0.022
LR: 0.833 0.821 0.031
Boost: 1.0 0.957 0.025
Ada: 0.986 0.926 0.028
RF: 1.0 0.969 0.014
LDA: 0.818 0.819 0.043
SVM: 0.985 0.979 0.023
LR: 0.828 0.821 0.058
Boost: 1.0 0.954 0.028
Ada: 0.989 0.933 0.038
RF: 1.0 0.972 0.026
LDA: 0.825 0.817 0.047
SVM: 0.989 0.981 0.017
LR: 0.84 0.821 0.048
Boost: 1.0 0.964 0.018
Ada: 0.986 0.944 0.022
RF: 1.0 0.969 0.016
LDA: 0.829 0.825 0.049
SVM: 0.989 0.979 0.025
LR: 0.838 0.832 0.045
Boost: 1.0 0.956 0.008
Ada: 0.996 0.924 0.035
RF: 1.0 0.975 0.023
LDA: 0.832 0.833 0.037
SVM: 0.99 0.978 0.023
LR: 0.857 0.846 0.04
Boost: 1.0 0.967 0.019
Ada: 0.997 0.935 0.015
RF: 1.0 0.975 0.018
LDA: 0.839 0.828 0.03
SVM: 0.989 0.979 0.014
LR: 0.856 0.847 0.049
Boost: 1.0 0.957 0.02
Ada: 0.997 0.936 0.021
RF: 1.0 0.976 0.022
LDA: 0.842 0.825 0.029
SVM: 0.99 0.979 0.022
LR: 0.858 0.843 0.044
Boost: 1.0 0.96 0.013
Ada: 0.99 0.929 0.03
RF: 1.0 0.972 0.023
LDA: 0.829 0.826 0.034
SVM: 0.988 0.981 0.02
LR: 0.864 0.846 0.051
Boost: 1.0 0.964 0.021
Ada: 0.99 0.929 0.02
RF: 1.0 0.975 0.016
LDA: 0.833 0.817 0.043
SVM: 0.988 0.982 0.006
LR: 0.86 0.843 0.034
Boost: 1.0 0.963 0.022
Ada: 0.99 0.928 0.04
RF: 1.0 0.978 0.017
LDA: 0.832 0.826 0.046
SVM: 0.988 0.981 0.017
LR: 0.86 0.839 0.057
Boost: 1.0 0.967 0.023
Ada: 0.99 0.924 0.027
RF: 1.0 0.981 0.021
LDA: 0.832 0.829 0.054
SVM: 0.988 0.982 0.013
LR: 0.861 0.843 0.036
Boost: 1.0 0.968 0.015
Ada: 0.99 0.914 0.033
RF: 1.0 0.979 0.014
LDA: 0.844 0.832 0.037
SVM: 0.986 0.975 0.021
LR: 0.86 0.847 0.023
Boost: 1.0 0.958 0.032
Ada: 0.99 0.918 0.018
RF: 1.0 0.983 0.015
LDA: 0.844 0.832 0.015
SVM: 0.988 0.975 0.016
LR: 0.861 0.847 0.022
Boost: 1.0 0.956 0.026
Ada: 0.99 0.906 0.043
RF: 1.0 0.972 0.02
LDA: 0.846 0.831 0.037
