SVM: 0.599 0.575 0.051
LR: 0.554 0.558 0.04
Boost: 0.788 0.561 0.072
Ada: 0.69 0.607 0.075
RF: 1.0 0.564 0.057
LDA: 0.556 0.565 0.046
SVM: 0.64 0.635 0.05
LR: 0.572 0.571 0.048
Boost: 0.883 0.656 0.033
Ada: 0.736 0.61 0.054
RF: 1.0 0.693 0.036
LDA: 0.572 0.571 0.047
SVM: 0.757 0.749 0.058
LR: 0.625 0.624 0.051
Boost: 0.896 0.753 0.047
Ada: 0.807 0.742 0.039
RF: 1.0 0.814 0.055
LDA: 0.628 0.624 0.054
SVM: 0.874 0.858 0.034
LR: 0.646 0.646 0.032
Boost: 0.938 0.856 0.032
Ada: 0.864 0.781 0.034
RF: 1.0 0.885 0.035
LDA: 0.657 0.647 0.044
SVM: 0.906 0.886 0.03
LR: 0.728 0.718 0.047
Boost: 0.979 0.875 0.052
Ada: 0.899 0.826 0.044
RF: 1.0 0.897 0.019
LDA: 0.722 0.715 0.024
SVM: 0.919 0.9 0.042
LR: 0.74 0.735 0.061
Boost: 0.99 0.899 0.028
Ada: 0.915 0.85 0.035
RF: 1.0 0.912 0.028
LDA: 0.756 0.749 0.015
SVM: 0.926 0.91 0.029
LR: 0.749 0.735 0.053
Boost: 0.992 0.9 0.038
Ada: 0.933 0.865 0.036
RF: 1.0 0.922 0.044
LDA: 0.764 0.754 0.041
SVM: 0.939 0.921 0.037
LR: 0.771 0.765 0.054
Boost: 0.992 0.896 0.052
Ada: 0.943 0.868 0.037
RF: 1.0 0.931 0.039
LDA: 0.776 0.761 0.044
SVM: 0.972 0.961 0.014
LR: 0.843 0.836 0.04
Boost: 0.994 0.931 0.026
Ada: 0.961 0.888 0.033
RF: 1.0 0.94 0.018
LDA: 0.84 0.836 0.046
SVM: 0.976 0.961 0.022
LR: 0.839 0.832 0.04
Boost: 0.999 0.932 0.035
Ada: 0.972 0.893 0.036
RF: 1.0 0.96 0.028
LDA: 0.84 0.835 0.067
SVM: 0.972 0.96 0.018
LR: 0.856 0.846 0.048
Boost: 1.0 0.947 0.024
Ada: 0.978 0.893 0.031
RF: 1.0 0.946 0.021
LDA: 0.849 0.84 0.049
SVM: 0.971 0.961 0.016
LR: 0.865 0.858 0.045
Boost: 1.0 0.942 0.024
Ada: 0.978 0.9 0.025
RF: 1.0 0.949 0.027
LDA: 0.853 0.846 0.04
SVM: 0.972 0.964 0.015
LR: 0.857 0.849 0.052
Boost: 0.999 0.938 0.021
Ada: 0.976 0.908 0.031
RF: 1.0 0.953 0.021
LDA: 0.85 0.839 0.037
SVM: 0.975 0.957 0.015
LR: 0.865 0.854 0.019
Boost: 0.997 0.939 0.031
Ada: 0.988 0.917 0.032
RF: 1.0 0.951 0.024
LDA: 0.849 0.836 0.043
SVM: 0.976 0.957 0.031
LR: 0.862 0.856 0.032
Boost: 1.0 0.956 0.024
Ada: 0.986 0.912 0.035
RF: 1.0 0.964 0.02
LDA: 0.851 0.842 0.045
SVM: 0.981 0.971 0.018
LR: 0.865 0.851 0.049
Boost: 1.0 0.951 0.027
Ada: 0.985 0.935 0.026
RF: 1.0 0.967 0.017
LDA: 0.854 0.846 0.024
SVM: 0.982 0.968 0.019
LR: 0.861 0.85 0.041
Boost: 1.0 0.961 0.01
Ada: 0.982 0.922 0.036
RF: 1.0 0.968 0.028
LDA: 0.851 0.839 0.048
SVM: 0.982 0.969 0.016
LR: 0.857 0.854 0.037
Boost: 1.0 0.962 0.018
Ada: 0.989 0.935 0.021
RF: 1.0 0.968 0.014
LDA: 0.846 0.838 0.064
SVM: 0.99 0.982 0.013
LR: 0.858 0.846 0.036
Boost: 1.0 0.962 0.021
Ada: 0.99 0.938 0.027
RF: 1.0 0.972 0.021
LDA: 0.85 0.843 0.033
SVM: 0.99 0.979 0.016
LR: 0.861 0.847 0.02
Boost: 1.0 0.951 0.029
Ada: 0.989 0.936 0.017
RF: 1.0 0.967 0.021
LDA: 0.846 0.831 0.034
SVM: 0.989 0.979 0.011
LR: 0.868 0.85 0.034
Boost: 1.0 0.957 0.025
Ada: 0.989 0.939 0.029
RF: 1.0 0.974 0.02
LDA: 0.847 0.835 0.023
SVM: 0.988 0.975 0.019
LR: 0.862 0.853 0.034
Boost: 1.0 0.962 0.033
Ada: 0.989 0.925 0.033
RF: 1.0 0.969 0.018
LDA: 0.844 0.829 0.038
SVM: 0.988 0.981 0.023
LR: 0.862 0.853 0.035
Boost: 1.0 0.954 0.014
Ada: 0.989 0.917 0.039
RF: 1.0 0.976 0.025
LDA: 0.844 0.829 0.036
SVM: 0.988 0.979 0.017
LR: 0.861 0.847 0.052
Boost: 1.0 0.964 0.029
Ada: 0.99 0.919 0.031
RF: 1.0 0.976 0.012
LDA: 0.844 0.826 0.04
SVM: 0.988 0.975 0.015
LR: 0.861 0.84 0.042
Boost: 1.0 0.956 0.018
Ada: 0.99 0.925 0.021
RF: 1.0 0.974 0.016
LDA: 0.846 0.833 0.041
