SVM: 0.694 0.693 0.057
LR: 0.672 0.669 0.046
Boost: 0.807 0.646 0.038
Ada: 0.712 0.671 0.035
RF: 1.0 0.585 0.042
LDA: 0.671 0.667 0.042
SVM: 0.772 0.765 0.029
LR: 0.732 0.731 0.048
Boost: 0.851 0.742 0.05
Ada: 0.804 0.736 0.043
RF: 1.0 0.733 0.036
LDA: 0.726 0.728 0.038
SVM: 0.786 0.775 0.057
LR: 0.731 0.725 0.035
Boost: 0.871 0.761 0.051
Ada: 0.81 0.774 0.032
RF: 1.0 0.769 0.038
LDA: 0.725 0.726 0.045
SVM: 0.853 0.849 0.04
LR: 0.749 0.743 0.047
Boost: 0.924 0.84 0.028
Ada: 0.878 0.817 0.035
RF: 1.0 0.86 0.037
LDA: 0.746 0.742 0.064
SVM: 0.879 0.867 0.044
LR: 0.731 0.728 0.07
Boost: 0.965 0.86 0.058
Ada: 0.904 0.839 0.032
RF: 1.0 0.879 0.028
LDA: 0.738 0.728 0.067
SVM: 0.91 0.899 0.04
LR: 0.74 0.735 0.033
Boost: 0.999 0.928 0.025
Ada: 0.958 0.892 0.034
RF: 1.0 0.939 0.037
LDA: 0.754 0.749 0.052
SVM: 0.914 0.89 0.04
LR: 0.767 0.754 0.041
Boost: 0.999 0.94 0.028
Ada: 0.972 0.908 0.036
RF: 1.0 0.947 0.024
LDA: 0.771 0.765 0.036
SVM: 0.946 0.925 0.023
LR: 0.788 0.782 0.058
Boost: 0.997 0.942 0.029
Ada: 0.969 0.91 0.028
RF: 1.0 0.956 0.025
LDA: 0.788 0.782 0.035
SVM: 0.962 0.944 0.03
LR: 0.782 0.775 0.03
Boost: 0.997 0.946 0.024
Ada: 0.974 0.9 0.031
RF: 1.0 0.953 0.017
LDA: 0.796 0.785 0.037
SVM: 0.967 0.947 0.017
LR: 0.804 0.794 0.05
Boost: 1.0 0.96 0.021
Ada: 0.975 0.917 0.036
RF: 1.0 0.96 0.024
LDA: 0.81 0.796 0.035
SVM: 0.974 0.958 0.023
LR: 0.804 0.797 0.058
Boost: 0.999 0.957 0.024
Ada: 0.979 0.914 0.04
RF: 1.0 0.969 0.01
LDA: 0.815 0.801 0.052
SVM: 0.986 0.971 0.02
LR: 0.824 0.811 0.06
Boost: 1.0 0.954 0.019
Ada: 0.985 0.947 0.018
RF: 1.0 0.975 0.022
LDA: 0.828 0.818 0.038
SVM: 0.986 0.975 0.025
LR: 0.829 0.815 0.05
Boost: 1.0 0.956 0.02
Ada: 0.983 0.937 0.023
RF: 1.0 0.971 0.017
LDA: 0.825 0.824 0.042
SVM: 0.989 0.972 0.025
LR: 0.849 0.838 0.04
Boost: 1.0 0.956 0.025
Ada: 0.988 0.928 0.017
RF: 1.0 0.974 0.025
LDA: 0.843 0.833 0.026
SVM: 0.986 0.976 0.021
LR: 0.854 0.849 0.034
Boost: 1.0 0.958 0.016
Ada: 0.996 0.926 0.03
RF: 1.0 0.969 0.016
LDA: 0.84 0.828 0.042
SVM: 0.989 0.978 0.023
LR: 0.858 0.849 0.058
Boost: 1.0 0.957 0.025
Ada: 0.992 0.932 0.016
RF: 1.0 0.975 0.019
LDA: 0.838 0.829 0.037
SVM: 0.988 0.978 0.015
LR: 0.857 0.844 0.056
Boost: 1.0 0.961 0.016
Ada: 0.992 0.925 0.023
RF: 1.0 0.968 0.015
LDA: 0.842 0.829 0.032
SVM: 0.988 0.979 0.018
LR: 0.862 0.849 0.036
Boost: 1.0 0.965 0.024
Ada: 0.992 0.926 0.028
RF: 1.0 0.974 0.025
LDA: 0.847 0.839 0.043
SVM: 0.988 0.981 0.013
LR: 0.857 0.84 0.035
Boost: 1.0 0.961 0.017
Ada: 0.992 0.925 0.028
RF: 1.0 0.972 0.025
LDA: 0.85 0.836 0.058
SVM: 0.989 0.981 0.015
LR: 0.865 0.85 0.053
Boost: 1.0 0.961 0.01
Ada: 0.997 0.933 0.036
RF: 1.0 0.975 0.018
LDA: 0.851 0.836 0.041
SVM: 0.989 0.979 0.009
LR: 0.868 0.844 0.037
Boost: 1.0 0.958 0.027
Ada: 0.989 0.921 0.026
RF: 1.0 0.974 0.018
LDA: 0.847 0.828 0.049
SVM: 0.988 0.981 0.013
LR: 0.868 0.844 0.04
Boost: 1.0 0.953 0.039
Ada: 0.99 0.917 0.039
RF: 1.0 0.974 0.018
LDA: 0.844 0.829 0.036
SVM: 0.988 0.981 0.011
LR: 0.864 0.854 0.036
Boost: 1.0 0.957 0.017
Ada: 0.99 0.925 0.035
RF: 1.0 0.969 0.017
LDA: 0.844 0.831 0.027
SVM: 0.988 0.979 0.013
LR: 0.862 0.85 0.038
Boost: 1.0 0.96 0.027
Ada: 0.99 0.922 0.038
RF: 1.0 0.979 0.013
LDA: 0.846 0.831 0.037
SVM: 0.988 0.978 0.015
LR: 0.861 0.844 0.02
Boost: 1.0 0.968 0.019
Ada: 0.99 0.929 0.03
RF: 1.0 0.978 0.018
LDA: 0.846 0.832 0.039
