SVM: 0.631 0.621 0.046
LR: 0.582 0.578 0.054
Boost: 0.776 0.606 0.03
Ada: 0.658 0.604 0.036
RF: 1.0 0.525 0.045
LDA: 0.582 0.585 0.044
SVM: 0.754 0.74 0.061
LR: 0.678 0.678 0.055
Boost: 0.85 0.733 0.047
Ada: 0.753 0.71 0.049
RF: 1.0 0.724 0.061
LDA: 0.678 0.676 0.045
SVM: 0.782 0.769 0.043
LR: 0.667 0.667 0.062
Boost: 0.893 0.765 0.047
Ada: 0.779 0.714 0.037
RF: 1.0 0.761 0.028
LDA: 0.669 0.664 0.039
SVM: 0.847 0.829 0.044
LR: 0.681 0.678 0.077
Boost: 0.936 0.832 0.038
Ada: 0.84 0.761 0.036
RF: 1.0 0.843 0.028
LDA: 0.681 0.675 0.043
SVM: 0.889 0.868 0.051
LR: 0.731 0.728 0.064
Boost: 0.951 0.868 0.03
Ada: 0.876 0.807 0.043
RF: 1.0 0.885 0.036
LDA: 0.731 0.733 0.036
SVM: 0.89 0.875 0.041
LR: 0.728 0.722 0.049
Boost: 0.962 0.853 0.05
Ada: 0.886 0.821 0.074
RF: 1.0 0.878 0.058
LDA: 0.726 0.724 0.055
SVM: 0.906 0.89 0.02
LR: 0.728 0.724 0.043
Boost: 0.972 0.875 0.032
Ada: 0.901 0.833 0.046
RF: 1.0 0.897 0.04
LDA: 0.728 0.722 0.046
SVM: 0.938 0.915 0.031
LR: 0.768 0.764 0.033
Boost: 0.981 0.883 0.052
Ada: 0.922 0.843 0.03
RF: 1.0 0.907 0.03
LDA: 0.76 0.751 0.054
SVM: 0.939 0.919 0.012
LR: 0.767 0.753 0.032
Boost: 0.979 0.901 0.021
Ada: 0.921 0.84 0.027
RF: 1.0 0.911 0.045
LDA: 0.768 0.765 0.052
SVM: 0.949 0.931 0.02
LR: 0.783 0.774 0.041
Boost: 0.996 0.918 0.027
Ada: 0.946 0.878 0.039
RF: 1.0 0.926 0.021
LDA: 0.788 0.778 0.05
SVM: 0.953 0.928 0.024
LR: 0.801 0.796 0.027
Boost: 0.997 0.931 0.026
Ada: 0.942 0.876 0.03
RF: 1.0 0.936 0.026
LDA: 0.804 0.8 0.035
SVM: 0.95 0.933 0.028
LR: 0.796 0.781 0.048
Boost: 0.997 0.928 0.028
Ada: 0.943 0.867 0.034
RF: 1.0 0.939 0.028
LDA: 0.8 0.793 0.032
SVM: 0.957 0.946 0.031
LR: 0.801 0.79 0.036
Boost: 0.997 0.94 0.019
Ada: 0.951 0.869 0.038
RF: 1.0 0.936 0.036
LDA: 0.8 0.789 0.042
SVM: 0.974 0.956 0.016
LR: 0.794 0.783 0.045
Boost: 1.0 0.933 0.027
Ada: 0.972 0.899 0.037
RF: 1.0 0.947 0.024
LDA: 0.797 0.788 0.03
SVM: 0.975 0.961 0.023
LR: 0.794 0.788 0.041
Boost: 0.999 0.94 0.028
Ada: 0.976 0.882 0.041
RF: 1.0 0.957 0.02
LDA: 0.792 0.769 0.033
SVM: 0.986 0.978 0.015
LR: 0.826 0.815 0.037
Boost: 0.999 0.951 0.022
Ada: 0.986 0.924 0.029
RF: 1.0 0.969 0.022
LDA: 0.825 0.814 0.032
SVM: 0.983 0.976 0.023
LR: 0.824 0.811 0.044
Boost: 0.999 0.956 0.03
Ada: 0.986 0.912 0.027
RF: 1.0 0.975 0.015
LDA: 0.825 0.814 0.044
SVM: 0.983 0.974 0.015
LR: 0.825 0.808 0.04
Boost: 0.999 0.961 0.025
Ada: 0.978 0.914 0.031
RF: 1.0 0.968 0.024
LDA: 0.824 0.817 0.047
SVM: 0.986 0.976 0.011
LR: 0.828 0.811 0.04
Boost: 0.999 0.96 0.02
Ada: 0.981 0.911 0.024
RF: 1.0 0.971 0.025
LDA: 0.818 0.808 0.042
SVM: 0.988 0.982 0.014
LR: 0.843 0.825 0.058
Boost: 1.0 0.958 0.012
Ada: 0.976 0.918 0.027
RF: 1.0 0.974 0.013
LDA: 0.829 0.812 0.051
SVM: 0.989 0.981 0.013
LR: 0.846 0.838 0.022
Boost: 1.0 0.958 0.02
Ada: 0.978 0.904 0.021
RF: 1.0 0.971 0.018
LDA: 0.838 0.814 0.043
SVM: 0.988 0.979 0.007
LR: 0.843 0.824 0.041
Boost: 1.0 0.962 0.015
Ada: 0.979 0.912 0.036
RF: 1.0 0.975 0.02
LDA: 0.839 0.819 0.041
SVM: 0.986 0.981 0.009
LR: 0.849 0.833 0.037
Boost: 1.0 0.964 0.015
Ada: 0.979 0.924 0.032
RF: 1.0 0.969 0.021
LDA: 0.843 0.821 0.042
SVM: 0.986 0.978 0.013
LR: 0.849 0.838 0.031
Boost: 1.0 0.968 0.022
Ada: 0.989 0.914 0.037
RF: 1.0 0.979 0.016
LDA: 0.843 0.826 0.031
SVM: 0.988 0.979 0.014
LR: 0.861 0.844 0.04
Boost: 1.0 0.961 0.022
Ada: 0.99 0.917 0.037
RF: 1.0 0.972 0.014
LDA: 0.846 0.831 0.033
