SVM: 0.688 0.686 0.068
LR: 0.689 0.693 0.033
Boost: 0.796 0.669 0.048
Ada: 0.717 0.694 0.026
RF: 1.0 0.568 0.07
LDA: 0.689 0.69 0.039
SVM: 0.772 0.767 0.046
LR: 0.732 0.732 0.039
Boost: 0.851 0.751 0.037
Ada: 0.804 0.747 0.056
RF: 1.0 0.733 0.037
LDA: 0.726 0.725 0.044
SVM: 0.814 0.804 0.033
LR: 0.732 0.729 0.057
Boost: 0.962 0.868 0.037
Ada: 0.867 0.821 0.039
RF: 1.0 0.883 0.024
LDA: 0.728 0.725 0.051
SVM: 0.861 0.847 0.038
LR: 0.706 0.701 0.067
Boost: 0.976 0.879 0.043
Ada: 0.904 0.864 0.05
RF: 1.0 0.885 0.029
LDA: 0.712 0.711 0.058
SVM: 0.854 0.826 0.038
LR: 0.724 0.719 0.048
Boost: 0.978 0.897 0.021
Ada: 0.897 0.853 0.032
RF: 1.0 0.907 0.027
LDA: 0.722 0.721 0.05
SVM: 0.886 0.86 0.037
LR: 0.729 0.724 0.043
Boost: 0.988 0.904 0.038
Ada: 0.922 0.865 0.037
RF: 1.0 0.925 0.024
LDA: 0.722 0.722 0.045
SVM: 0.897 0.872 0.025
LR: 0.728 0.717 0.031
Boost: 0.994 0.914 0.034
Ada: 0.949 0.868 0.039
RF: 1.0 0.95 0.023
LDA: 0.739 0.726 0.04
SVM: 0.925 0.89 0.043
LR: 0.736 0.731 0.057
Boost: 0.99 0.919 0.025
Ada: 0.944 0.894 0.031
RF: 1.0 0.957 0.017
LDA: 0.753 0.742 0.041
SVM: 0.932 0.917 0.03
LR: 0.783 0.776 0.039
Boost: 0.993 0.925 0.023
Ada: 0.957 0.896 0.025
RF: 1.0 0.951 0.042
LDA: 0.785 0.785 0.034
SVM: 0.971 0.949 0.025
LR: 0.779 0.778 0.025
Boost: 1.0 0.936 0.023
Ada: 0.981 0.901 0.031
RF: 1.0 0.968 0.015
LDA: 0.796 0.788 0.071
SVM: 0.969 0.944 0.019
LR: 0.789 0.774 0.033
Boost: 1.0 0.935 0.03
Ada: 0.972 0.901 0.032
RF: 1.0 0.975 0.016
LDA: 0.789 0.786 0.038
SVM: 0.981 0.965 0.023
LR: 0.808 0.799 0.037
Boost: 0.999 0.951 0.026
Ada: 0.974 0.915 0.039
RF: 1.0 0.971 0.021
LDA: 0.824 0.819 0.04
SVM: 0.981 0.969 0.026
LR: 0.812 0.81 0.038
Boost: 1.0 0.954 0.021
Ada: 0.983 0.921 0.032
RF: 1.0 0.958 0.014
LDA: 0.815 0.806 0.04
SVM: 0.979 0.969 0.018
LR: 0.842 0.833 0.059
Boost: 1.0 0.96 0.019
Ada: 0.985 0.919 0.022
RF: 1.0 0.971 0.024
LDA: 0.835 0.822 0.026
SVM: 0.982 0.975 0.018
LR: 0.843 0.836 0.037
Boost: 1.0 0.957 0.024
Ada: 0.989 0.907 0.022
RF: 1.0 0.974 0.023
LDA: 0.833 0.828 0.028
SVM: 0.986 0.978 0.015
LR: 0.853 0.847 0.038
Boost: 1.0 0.953 0.023
Ada: 0.989 0.912 0.036
RF: 1.0 0.974 0.013
LDA: 0.835 0.825 0.025
SVM: 0.986 0.978 0.011
LR: 0.856 0.846 0.042
Boost: 1.0 0.958 0.021
Ada: 0.985 0.924 0.027
RF: 1.0 0.969 0.02
LDA: 0.846 0.828 0.026
SVM: 0.99 0.976 0.015
LR: 0.854 0.843 0.033
Boost: 1.0 0.967 0.019
Ada: 0.993 0.925 0.017
RF: 1.0 0.972 0.022
LDA: 0.839 0.829 0.032
SVM: 0.99 0.981 0.02
LR: 0.856 0.839 0.035
Boost: 1.0 0.956 0.016
Ada: 0.993 0.915 0.042
RF: 1.0 0.972 0.015
LDA: 0.835 0.829 0.035
SVM: 0.989 0.979 0.019
LR: 0.853 0.844 0.028
Boost: 1.0 0.957 0.022
Ada: 0.996 0.935 0.016
RF: 1.0 0.976 0.026
LDA: 0.832 0.831 0.04
SVM: 0.988 0.979 0.014
LR: 0.856 0.844 0.039
Boost: 1.0 0.969 0.025
Ada: 0.996 0.933 0.023
RF: 1.0 0.975 0.016
LDA: 0.831 0.825 0.04
SVM: 0.988 0.979 0.024
LR: 0.856 0.843 0.022
Boost: 1.0 0.958 0.012
Ada: 0.99 0.931 0.024
RF: 1.0 0.982 0.013
LDA: 0.832 0.825 0.029
SVM: 0.988 0.981 0.015
LR: 0.862 0.847 0.036
Boost: 1.0 0.962 0.023
Ada: 0.99 0.911 0.029
RF: 1.0 0.975 0.016
LDA: 0.832 0.822 0.034
SVM: 0.988 0.979 0.017
LR: 0.862 0.844 0.045
Boost: 1.0 0.958 0.028
Ada: 0.99 0.917 0.022
RF: 1.0 0.969 0.017
LDA: 0.846 0.833 0.06
SVM: 0.988 0.975 0.014
LR: 0.861 0.851 0.037
Boost: 1.0 0.957 0.037
Ada: 0.99 0.907 0.044
RF: 1.0 0.978 0.009
LDA: 0.846 0.831 0.04
