SVM: 0.688 0.679 0.049
LR: 0.689 0.689 0.041
Boost: 0.796 0.668 0.051
Ada: 0.717 0.688 0.047
RF: 1.0 0.582 0.053
LDA: 0.689 0.688 0.024
SVM: 0.772 0.767 0.024
LR: 0.732 0.731 0.05
Boost: 0.851 0.761 0.04
Ada: 0.804 0.749 0.042
RF: 1.0 0.732 0.049
LDA: 0.726 0.725 0.054
SVM: 0.814 0.81 0.039
LR: 0.718 0.718 0.031
Boost: 0.893 0.782 0.05
Ada: 0.839 0.806 0.033
RF: 1.0 0.803 0.032
LDA: 0.718 0.714 0.042
SVM: 0.847 0.836 0.025
LR: 0.71 0.704 0.04
Boost: 0.946 0.822 0.024
Ada: 0.886 0.831 0.037
RF: 1.0 0.846 0.036
LDA: 0.714 0.707 0.047
SVM: 0.868 0.858 0.015
LR: 0.733 0.721 0.054
Boost: 0.958 0.851 0.034
Ada: 0.892 0.836 0.031
RF: 1.0 0.868 0.025
LDA: 0.725 0.721 0.035
SVM: 0.921 0.894 0.034
LR: 0.721 0.719 0.049
Boost: 0.99 0.919 0.037
Ada: 0.946 0.894 0.029
RF: 1.0 0.936 0.021
LDA: 0.729 0.722 0.046
SVM: 0.926 0.917 0.03
LR: 0.733 0.732 0.049
Boost: 0.992 0.932 0.042
Ada: 0.951 0.892 0.037
RF: 1.0 0.953 0.022
LDA: 0.738 0.735 0.039
SVM: 0.96 0.95 0.026
LR: 0.747 0.74 0.063
Boost: 0.996 0.933 0.031
Ada: 0.962 0.91 0.029
RF: 1.0 0.956 0.028
LDA: 0.746 0.74 0.072
SVM: 0.967 0.957 0.021
LR: 0.781 0.778 0.06
Boost: 0.997 0.953 0.027
Ada: 0.967 0.922 0.028
RF: 1.0 0.956 0.023
LDA: 0.79 0.776 0.035
SVM: 0.967 0.953 0.015
LR: 0.785 0.776 0.053
Boost: 1.0 0.947 0.036
Ada: 0.964 0.897 0.02
RF: 1.0 0.954 0.022
LDA: 0.79 0.776 0.04
SVM: 0.976 0.96 0.018
LR: 0.782 0.772 0.059
Boost: 0.999 0.956 0.023
Ada: 0.975 0.919 0.025
RF: 1.0 0.971 0.02
LDA: 0.79 0.781 0.034
SVM: 0.974 0.957 0.024
LR: 0.782 0.771 0.063
Boost: 1.0 0.947 0.037
Ada: 0.978 0.915 0.029
RF: 1.0 0.968 0.015
LDA: 0.792 0.788 0.051
SVM: 0.981 0.972 0.019
LR: 0.796 0.779 0.036
Boost: 1.0 0.949 0.029
Ada: 0.986 0.931 0.019
RF: 1.0 0.976 0.021
LDA: 0.812 0.801 0.056
SVM: 0.981 0.974 0.021
LR: 0.797 0.789 0.043
Boost: 1.0 0.953 0.011
Ada: 0.986 0.921 0.027
RF: 1.0 0.974 0.015
LDA: 0.821 0.817 0.031
SVM: 0.979 0.972 0.024
LR: 0.812 0.797 0.049
Boost: 1.0 0.956 0.022
Ada: 0.986 0.922 0.032
RF: 1.0 0.972 0.021
LDA: 0.833 0.822 0.025
SVM: 0.981 0.975 0.014
LR: 0.814 0.801 0.03
Boost: 1.0 0.961 0.017
Ada: 0.982 0.938 0.034
RF: 1.0 0.974 0.024
LDA: 0.819 0.804 0.048
SVM: 0.983 0.976 0.016
LR: 0.833 0.826 0.036
Boost: 1.0 0.957 0.024
Ada: 0.982 0.925 0.029
RF: 1.0 0.971 0.013
LDA: 0.821 0.817 0.028
SVM: 0.985 0.972 0.014
LR: 0.829 0.822 0.051
Boost: 1.0 0.957 0.03
Ada: 0.985 0.929 0.031
RF: 1.0 0.967 0.014
LDA: 0.817 0.808 0.043
SVM: 0.981 0.978 0.013
LR: 0.833 0.824 0.047
Boost: 1.0 0.957 0.021
Ada: 0.989 0.922 0.029
RF: 1.0 0.972 0.024
LDA: 0.817 0.812 0.043
SVM: 0.988 0.981 0.013
LR: 0.851 0.839 0.029
Boost: 1.0 0.96 0.02
Ada: 0.992 0.921 0.032
RF: 1.0 0.975 0.015
LDA: 0.829 0.826 0.044
SVM: 0.989 0.979 0.019
LR: 0.868 0.853 0.04
Boost: 1.0 0.961 0.025
Ada: 0.989 0.932 0.046
RF: 1.0 0.982 0.015
LDA: 0.847 0.832 0.057
SVM: 0.989 0.983 0.018
LR: 0.864 0.849 0.042
Boost: 1.0 0.958 0.016
Ada: 0.99 0.926 0.015
RF: 1.0 0.975 0.015
LDA: 0.846 0.828 0.037
SVM: 0.988 0.979 0.017
LR: 0.862 0.847 0.043
Boost: 1.0 0.954 0.023
Ada: 0.99 0.921 0.033
RF: 1.0 0.976 0.018
LDA: 0.844 0.835 0.038
SVM: 0.988 0.979 0.017
LR: 0.862 0.851 0.038
Boost: 1.0 0.967 0.017
Ada: 0.99 0.922 0.033
RF: 1.0 0.978 0.019
LDA: 0.846 0.833 0.061
SVM: 0.988 0.981 0.013
LR: 0.861 0.853 0.037
Boost: 1.0 0.964 0.017
Ada: 0.99 0.91 0.026
RF: 1.0 0.986 0.012
LDA: 0.846 0.828 0.043
