SVM: 0.621 0.603 0.044
LR: 0.582 0.589 0.046
Boost: 0.803 0.593 0.052
Ada: 0.676 0.592 0.059
RF: 1.0 0.61 0.055
LDA: 0.586 0.583 0.043
SVM: 0.714 0.707 0.04
LR: 0.647 0.64 0.055
Boost: 0.86 0.703 0.063
Ada: 0.76 0.682 0.05
RF: 1.0 0.706 0.053
LDA: 0.65 0.643 0.058
SVM: 0.74 0.726 0.038
LR: 0.656 0.658 0.049
Boost: 0.906 0.758 0.051
Ada: 0.788 0.718 0.046
RF: 1.0 0.783 0.038
LDA: 0.657 0.65 0.064
SVM: 0.778 0.749 0.049
LR: 0.64 0.633 0.039
Boost: 0.931 0.8 0.024
Ada: 0.822 0.729 0.053
RF: 1.0 0.818 0.043
LDA: 0.639 0.629 0.041
SVM: 0.778 0.753 0.046
LR: 0.66 0.651 0.044
Boost: 0.924 0.788 0.032
Ada: 0.815 0.775 0.041
RF: 1.0 0.804 0.049
LDA: 0.661 0.649 0.066
SVM: 0.826 0.8 0.042
LR: 0.685 0.679 0.049
Boost: 0.95 0.808 0.044
Ada: 0.84 0.738 0.045
RF: 1.0 0.847 0.041
LDA: 0.683 0.674 0.044
SVM: 0.878 0.854 0.049
LR: 0.715 0.707 0.041
Boost: 0.965 0.882 0.027
Ada: 0.882 0.824 0.025
RF: 1.0 0.886 0.038
LDA: 0.726 0.725 0.043
SVM: 0.908 0.883 0.048
LR: 0.726 0.714 0.053
Boost: 0.978 0.886 0.044
Ada: 0.926 0.856 0.037
RF: 1.0 0.917 0.026
LDA: 0.735 0.725 0.026
SVM: 0.911 0.897 0.031
LR: 0.781 0.767 0.057
Boost: 0.974 0.893 0.03
Ada: 0.94 0.868 0.023
RF: 1.0 0.912 0.041
LDA: 0.781 0.782 0.026
SVM: 0.922 0.911 0.022
LR: 0.792 0.783 0.042
Boost: 0.983 0.91 0.03
Ada: 0.949 0.867 0.05
RF: 1.0 0.918 0.04
LDA: 0.793 0.785 0.058
SVM: 0.962 0.958 0.022
LR: 0.833 0.828 0.039
Boost: 0.996 0.925 0.03
Ada: 0.96 0.892 0.036
RF: 1.0 0.944 0.022
LDA: 0.835 0.832 0.034
SVM: 0.967 0.96 0.027
LR: 0.862 0.849 0.037
Boost: 0.997 0.947 0.022
Ada: 0.976 0.899 0.035
RF: 1.0 0.954 0.022
LDA: 0.853 0.844 0.044
SVM: 0.968 0.957 0.027
LR: 0.865 0.85 0.029
Boost: 0.997 0.942 0.019
Ada: 0.975 0.906 0.037
RF: 1.0 0.953 0.026
LDA: 0.85 0.844 0.046
SVM: 0.978 0.972 0.02
LR: 0.867 0.85 0.048
Boost: 0.997 0.943 0.027
Ada: 0.982 0.915 0.024
RF: 1.0 0.967 0.021
LDA: 0.847 0.838 0.044
SVM: 0.979 0.975 0.021
LR: 0.865 0.847 0.033
Boost: 0.999 0.944 0.029
Ada: 0.979 0.914 0.044
RF: 1.0 0.96 0.018
LDA: 0.847 0.839 0.034
SVM: 0.981 0.976 0.014
LR: 0.862 0.851 0.042
Boost: 0.999 0.946 0.031
Ada: 0.975 0.914 0.03
RF: 1.0 0.961 0.023
LDA: 0.844 0.835 0.032
SVM: 0.982 0.972 0.022
LR: 0.862 0.851 0.045
Boost: 0.999 0.946 0.025
Ada: 0.988 0.919 0.028
RF: 1.0 0.968 0.02
LDA: 0.844 0.833 0.024
SVM: 0.985 0.975 0.016
LR: 0.862 0.85 0.038
Boost: 0.999 0.95 0.039
Ada: 0.975 0.89 0.031
RF: 1.0 0.96 0.023
LDA: 0.846 0.832 0.038
SVM: 0.983 0.979 0.019
LR: 0.856 0.839 0.044
Boost: 1.0 0.946 0.023
Ada: 0.975 0.915 0.031
RF: 1.0 0.961 0.025
LDA: 0.847 0.835 0.036
SVM: 0.983 0.974 0.025
LR: 0.856 0.847 0.025
Boost: 0.999 0.953 0.029
Ada: 0.975 0.912 0.028
RF: 1.0 0.972 0.015
LDA: 0.847 0.836 0.043
SVM: 0.985 0.978 0.019
LR: 0.854 0.849 0.034
Boost: 1.0 0.953 0.02
Ada: 0.975 0.904 0.029
RF: 1.0 0.974 0.021
LDA: 0.846 0.835 0.04
SVM: 0.985 0.974 0.015
LR: 0.86 0.849 0.034
Boost: 1.0 0.947 0.039
Ada: 0.985 0.91 0.044
RF: 1.0 0.968 0.018
LDA: 0.846 0.838 0.044
SVM: 0.986 0.979 0.017
LR: 0.86 0.849 0.024
Boost: 0.999 0.953 0.026
Ada: 0.981 0.911 0.032
RF: 1.0 0.978 0.015
LDA: 0.846 0.825 0.053
SVM: 0.988 0.978 0.015
LR: 0.854 0.842 0.042
Boost: 1.0 0.964 0.029
Ada: 0.988 0.925 0.038
RF: 1.0 0.971 0.034
LDA: 0.847 0.832 0.033
SVM: 0.988 0.976 0.013
LR: 0.861 0.847 0.037
Boost: 1.0 0.962 0.019
Ada: 0.99 0.932 0.027
RF: 1.0 0.975 0.023
LDA: 0.846 0.835 0.051
